Time 0
Waiting clients: (0,24,4), (1,10,5), (2,19,1), (3,11,1), (4,24,4), (5,39,6), (6,35,1), (7,9,3), (8,5,5), (9,35,5), (10,35,6), (11,32,1), (12,30,4), (13,20,1), (14,27,4), (15,18,6), (16,36,1), (17,4,3), (18,33,1), (19,23,4), (20,28,2), (21,32,3), (22,39,5), (23,38,6), (24,7,3), (25,8,4), (26,23,1), (27,30,3), (28,34,2), (29,11,3), (30,39,5), (31,28,2), (32,37,2), (33,32,4), (34,33,1), (35,30,1), (36,29,6), (37,28,6), (38,21,6), (39,30,4), (40,18,3), (41,2,4), (42,37,1), (43,25,6), (44,17,6), (45,22,4), (46,26,4), (47,7,5), (48,30,3), (49,38,4), 
Queue 0:closed
Queue 1:closed
Queue 2:closed
Queue 3:closed
Queue 4:closed

Time 1
Waiting clients: (0,24,4), (1,10,5), (2,19,1), (3,11,1), (4,24,4), (5,39,6), (6,35,1), (7,9,3), (8,5,5), (9,35,5), (10,35,6), (11,32,1), (12,30,4), (13,20,1), (14,27,4), (15,18,6), (16,36,1), (17,4,3), (18,33,1), (19,23,4), (20,28,2), (21,32,3), (22,39,5), (23,38,6), (24,7,3), (25,8,4), (26,23,1), (27,30,3), (28,34,2), (29,11,3), (30,39,5), (31,28,2), (32,37,2), (33,32,4), (34,33,1), (35,30,1), (36,29,6), (37,28,6), (38,21,6), (39,30,4), (40,18,3), (41,2,4), (42,37,1), (43,25,6), (44,17,6), (45,22,4), (46,26,4), (47,7,5), (48,30,3), (49,38,4), 
Queue 0:closed
Queue 1:closed
Queue 2:closed
Queue 3:closed
Queue 4:closed

Time 2
Waiting clients: (0,24,4), (1,10,5), (2,19,1), (3,11,1), (4,24,4), (5,39,6), (6,35,1), (7,9,3), (8,5,5), (9,35,5), (10,35,6), (11,32,1), (12,30,4), (13,20,1), (14,27,4), (15,18,6), (16,36,1), (17,4,3), (18,33,1), (19,23,4), (20,28,2), (21,32,3), (22,39,5), (23,38,6), (24,7,3), (25,8,4), (26,23,1), (27,30,3), (28,34,2), (29,11,3), (30,39,5), (31,28,2), (32,37,2), (33,32,4), (34,33,1), (35,30,1), (36,29,6), (37,28,6), (38,21,6), (39,30,4), (40,18,3), (42,37,1), (43,25,6), (44,17,6), (45,22,4), (46,26,4), (47,7,5), (48,30,3), (49,38,4), 
Queue 0:(41,2,4), 
Queue 1:closed
Queue 2:closed
Queue 3:closed
Queue 4:closed

Time 3
Waiting clients: (0,24,4), (1,10,5), (2,19,1), (3,11,1), (4,24,4), (5,39,6), (6,35,1), (7,9,3), (8,5,5), (9,35,5), (10,35,6), (11,32,1), (12,30,4), (13,20,1), (14,27,4), (15,18,6), (16,36,1), (17,4,3), (18,33,1), (19,23,4), (20,28,2), (21,32,3), (22,39,5), (23,38,6), (24,7,3), (25,8,4), (26,23,1), (27,30,3), (28,34,2), (29,11,3), (30,39,5), (31,28,2), (32,37,2), (33,32,4), (34,33,1), (35,30,1), (36,29,6), (37,28,6), (38,21,6), (39,30,4), (40,18,3), (42,37,1), (43,25,6), (44,17,6), (45,22,4), (46,26,4), (47,7,5), (48,30,3), (49,38,4), 
Queue 0:(41,2,3), 
Queue 1:closed
Queue 2:closed
Queue 3:closed
Queue 4:closed

Time 4
Waiting clients: (0,24,4), (1,10,5), (2,19,1), (3,11,1), (4,24,4), (5,39,6), (6,35,1), (7,9,3), (8,5,5), (9,35,5), (10,35,6), (11,32,1), (12,30,4), (13,20,1), (14,27,4), (15,18,6), (16,36,1), (18,33,1), (19,23,4), (20,28,2), (21,32,3), (22,39,5), (23,38,6), (24,7,3), (25,8,4), (26,23,1), (27,30,3), (28,34,2), (29,11,3), (30,39,5), (31,28,2), (32,37,2), (33,32,4), (34,33,1), (35,30,1), (36,29,6), (37,28,6), (38,21,6), (39,30,4), (40,18,3), (42,37,1), (43,25,6), (44,17,6), (45,22,4), (46,26,4), (47,7,5), (48,30,3), (49,38,4), 
Queue 0:(41,2,2), 
Queue 1:(17,4,3), 
Queue 2:closed
Queue 3:closed
Queue 4:closed

Time 5
Waiting clients: (0,24,4), (1,10,5), (2,19,1), (3,11,1), (4,24,4), (5,39,6), (6,35,1), (7,9,3), (9,35,5), (10,35,6), (11,32,1), (12,30,4), (13,20,1), (14,27,4), (15,18,6), (16,36,1), (18,33,1), (19,23,4), (20,28,2), (21,32,3), (22,39,5), (23,38,6), (24,7,3), (25,8,4), (26,23,1), (27,30,3), (28,34,2), (29,11,3), (30,39,5), (31,28,2), (32,37,2), (33,32,4), (34,33,1), (35,30,1), (36,29,6), (37,28,6), (38,21,6), (39,30,4), (40,18,3), (42,37,1), (43,25,6), (44,17,6), (45,22,4), (46,26,4), (47,7,5), (48,30,3), (49,38,4), 
Queue 0:(41,2,1), 
Queue 1:(17,4,2), 
Queue 2:(8,5,5), 
Queue 3:closed
Queue 4:closed

Time 6
Waiting clients: (0,24,4), (1,10,5), (2,19,1), (3,11,1), (4,24,4), (5,39,6), (6,35,1), (7,9,3), (9,35,5), (10,35,6), (11,32,1), (12,30,4), (13,20,1), (14,27,4), (15,18,6), (16,36,1), (18,33,1), (19,23,4), (20,28,2), (21,32,3), (22,39,5), (23,38,6), (24,7,3), (25,8,4), (26,23,1), (27,30,3), (28,34,2), (29,11,3), (30,39,5), (31,28,2), (32,37,2), (33,32,4), (34,33,1), (35,30,1), (36,29,6), (37,28,6), (38,21,6), (39,30,4), (40,18,3), (42,37,1), (43,25,6), (44,17,6), (45,22,4), (46,26,4), (47,7,5), (48,30,3), (49,38,4), 
Queue 0:closed
Queue 1:(17,4,1), 
Queue 2:(8,5,4), 
Queue 3:closed
Queue 4:closed

Time 7
Waiting clients: (0,24,4), (1,10,5), (2,19,1), (3,11,1), (4,24,4), (5,39,6), (6,35,1), (7,9,3), (9,35,5), (10,35,6), (11,32,1), (12,30,4), (13,20,1), (14,27,4), (15,18,6), (16,36,1), (18,33,1), (19,23,4), (20,28,2), (21,32,3), (22,39,5), (23,38,6), (25,8,4), (26,23,1), (27,30,3), (28,34,2), (29,11,3), (30,39,5), (31,28,2), (32,37,2), (33,32,4), (34,33,1), (35,30,1), (36,29,6), (37,28,6), (38,21,6), (39,30,4), (40,18,3), (42,37,1), (43,25,6), (44,17,6), (45,22,4), (46,26,4), (48,30,3), (49,38,4), 
Queue 0:(24,7,3), 
Queue 1:(47,7,5), 
Queue 2:(8,5,3), 
Queue 3:closed
Queue 4:closed

Time 8
Waiting clients: (0,24,4), (1,10,5), (2,19,1), (3,11,1), (4,24,4), (5,39,6), (6,35,1), (7,9,3), (9,35,5), (10,35,6), (11,32,1), (12,30,4), (13,20,1), (14,27,4), (15,18,6), (16,36,1), (18,33,1), (19,23,4), (20,28,2), (21,32,3), (22,39,5), (23,38,6), (26,23,1), (27,30,3), (28,34,2), (29,11,3), (30,39,5), (31,28,2), (32,37,2), (33,32,4), (34,33,1), (35,30,1), (36,29,6), (37,28,6), (38,21,6), (39,30,4), (40,18,3), (42,37,1), (43,25,6), (44,17,6), (45,22,4), (46,26,4), (48,30,3), (49,38,4), 
Queue 0:(24,7,2), 
Queue 1:(47,7,4), 
Queue 2:(8,5,2), 
Queue 3:(25,8,4), 
Queue 4:closed

Time 9
Waiting clients: (0,24,4), (1,10,5), (2,19,1), (3,11,1), (4,24,4), (5,39,6), (6,35,1), (9,35,5), (10,35,6), (11,32,1), (12,30,4), (13,20,1), (14,27,4), (15,18,6), (16,36,1), (18,33,1), (19,23,4), (20,28,2), (21,32,3), (22,39,5), (23,38,6), (26,23,1), (27,30,3), (28,34,2), (29,11,3), (30,39,5), (31,28,2), (32,37,2), (33,32,4), (34,33,1), (35,30,1), (36,29,6), (37,28,6), (38,21,6), (39,30,4), (40,18,3), (42,37,1), (43,25,6), (44,17,6), (45,22,4), (46,26,4), (48,30,3), (49,38,4), 
Queue 0:(24,7,1), 
Queue 1:(47,7,3), 
Queue 2:(8,5,1), 
Queue 3:(25,8,3), 
Queue 4:(7,9,3), 

Time 10
Waiting clients: (0,24,4), (2,19,1), (3,11,1), (4,24,4), (5,39,6), (6,35,1), (9,35,5), (10,35,6), (11,32,1), (12,30,4), (13,20,1), (14,27,4), (15,18,6), (16,36,1), (18,33,1), (19,23,4), (20,28,2), (21,32,3), (22,39,5), (23,38,6), (26,23,1), (27,30,3), (28,34,2), (29,11,3), (30,39,5), (31,28,2), (32,37,2), (33,32,4), (34,33,1), (35,30,1), (36,29,6), (37,28,6), (38,21,6), (39,30,4), (40,18,3), (42,37,1), (43,25,6), (44,17,6), (45,22,4), (46,26,4), (48,30,3), (49,38,4), 
Queue 0:(1,10,5), 
Queue 1:(47,7,2), 
Queue 2:closed
Queue 3:(25,8,2), 
Queue 4:(7,9,2), 

Time 11
Waiting clients: (0,24,4), (2,19,1), (4,24,4), (5,39,6), (6,35,1), (9,35,5), (10,35,6), (11,32,1), (12,30,4), (13,20,1), (14,27,4), (15,18,6), (16,36,1), (18,33,1), (19,23,4), (20,28,2), (21,32,3), (22,39,5), (23,38,6), (26,23,1), (27,30,3), (28,34,2), (30,39,5), (31,28,2), (32,37,2), (33,32,4), (34,33,1), (35,30,1), (36,29,6), (37,28,6), (38,21,6), (39,30,4), (40,18,3), (42,37,1), (43,25,6), (44,17,6), (45,22,4), (46,26,4), (48,30,3), (49,38,4), 
Queue 0:(1,10,4), 
Queue 1:(47,7,1), (29,11,3), 
Queue 2:(3,11,1), 
Queue 3:(25,8,1), 
Queue 4:(7,9,1), 

Time 12
Waiting clients: (0,24,4), (2,19,1), (4,24,4), (5,39,6), (6,35,1), (9,35,5), (10,35,6), (11,32,1), (12,30,4), (13,20,1), (14,27,4), (15,18,6), (16,36,1), (18,33,1), (19,23,4), (20,28,2), (21,32,3), (22,39,5), (23,38,6), (26,23,1), (27,30,3), (28,34,2), (30,39,5), (31,28,2), (32,37,2), (33,32,4), (34,33,1), (35,30,1), (36,29,6), (37,28,6), (38,21,6), (39,30,4), (40,18,3), (42,37,1), (43,25,6), (44,17,6), (45,22,4), (46,26,4), (48,30,3), (49,38,4), 
Queue 0:(1,10,3), 
Queue 1:(29,11,3), 
Queue 2:closed
Queue 3:closed
Queue 4:closed

Time 13
Waiting clients: (0,24,4), (2,19,1), (4,24,4), (5,39,6), (6,35,1), (9,35,5), (10,35,6), (11,32,1), (12,30,4), (13,20,1), (14,27,4), (15,18,6), (16,36,1), (18,33,1), (19,23,4), (20,28,2), (21,32,3), (22,39,5), (23,38,6), (26,23,1), (27,30,3), (28,34,2), (30,39,5), (31,28,2), (32,37,2), (33,32,4), (34,33,1), (35,30,1), (36,29,6), (37,28,6), (38,21,6), (39,30,4), (40,18,3), (42,37,1), (43,25,6), (44,17,6), (45,22,4), (46,26,4), (48,30,3), (49,38,4), 
Queue 0:(1,10,2), 
Queue 1:(29,11,2), 
Queue 2:closed
Queue 3:closed
Queue 4:closed

Time 14
Waiting clients: (0,24,4), (2,19,1), (4,24,4), (5,39,6), (6,35,1), (9,35,5), (10,35,6), (11,32,1), (12,30,4), (13,20,1), (14,27,4), (15,18,6), (16,36,1), (18,33,1), (19,23,4), (20,28,2), (21,32,3), (22,39,5), (23,38,6), (26,23,1), (27,30,3), (28,34,2), (30,39,5), (31,28,2), (32,37,2), (33,32,4), (34,33,1), (35,30,1), (36,29,6), (37,28,6), (38,21,6), (39,30,4), (40,18,3), (42,37,1), (43,25,6), (44,17,6), (45,22,4), (46,26,4), (48,30,3), (49,38,4), 
Queue 0:(1,10,1), 
Queue 1:(29,11,1), 
Queue 2:closed
Queue 3:closed
Queue 4:closed

Time 15
Waiting clients: (0,24,4), (2,19,1), (4,24,4), (5,39,6), (6,35,1), (9,35,5), (10,35,6), (11,32,1), (12,30,4), (13,20,1), (14,27,4), (15,18,6), (16,36,1), (18,33,1), (19,23,4), (20,28,2), (21,32,3), (22,39,5), (23,38,6), (26,23,1), (27,30,3), (28,34,2), (30,39,5), (31,28,2), (32,37,2), (33,32,4), (34,33,1), (35,30,1), (36,29,6), (37,28,6), (38,21,6), (39,30,4), (40,18,3), (42,37,1), (43,25,6), (44,17,6), (45,22,4), (46,26,4), (48,30,3), (49,38,4), 
Queue 0:closed
Queue 1:closed
Queue 2:closed
Queue 3:closed
Queue 4:closed

Time 16
Waiting clients: (0,24,4), (2,19,1), (4,24,4), (5,39,6), (6,35,1), (9,35,5), (10,35,6), (11,32,1), (12,30,4), (13,20,1), (14,27,4), (15,18,6), (16,36,1), (18,33,1), (19,23,4), (20,28,2), (21,32,3), (22,39,5), (23,38,6), (26,23,1), (27,30,3), (28,34,2), (30,39,5), (31,28,2), (32,37,2), (33,32,4), (34,33,1), (35,30,1), (36,29,6), (37,28,6), (38,21,6), (39,30,4), (40,18,3), (42,37,1), (43,25,6), (44,17,6), (45,22,4), (46,26,4), (48,30,3), (49,38,4), 
Queue 0:closed
Queue 1:closed
Queue 2:closed
Queue 3:closed
Queue 4:closed

Time 17
Waiting clients: (0,24,4), (2,19,1), (4,24,4), (5,39,6), (6,35,1), (9,35,5), (10,35,6), (11,32,1), (12,30,4), (13,20,1), (14,27,4), (15,18,6), (16,36,1), (18,33,1), (19,23,4), (20,28,2), (21,32,3), (22,39,5), (23,38,6), (26,23,1), (27,30,3), (28,34,2), (30,39,5), (31,28,2), (32,37,2), (33,32,4), (34,33,1), (35,30,1), (36,29,6), (37,28,6), (38,21,6), (39,30,4), (40,18,3), (42,37,1), (43,25,6), (45,22,4), (46,26,4), (48,30,3), (49,38,4), 
Queue 0:(44,17,6), 
Queue 1:closed
Queue 2:closed
Queue 3:closed
Queue 4:closed

Time 18
Waiting clients: (0,24,4), (2,19,1), (4,24,4), (5,39,6), (6,35,1), (9,35,5), (10,35,6), (11,32,1), (12,30,4), (13,20,1), (14,27,4), (16,36,1), (18,33,1), (19,23,4), (20,28,2), (21,32,3), (22,39,5), (23,38,6), (26,23,1), (27,30,3), (28,34,2), (30,39,5), (31,28,2), (32,37,2), (33,32,4), (34,33,1), (35,30,1), (36,29,6), (37,28,6), (38,21,6), (39,30,4), (42,37,1), (43,25,6), (45,22,4), (46,26,4), (48,30,3), (49,38,4), 
Queue 0:(44,17,5), 
Queue 1:(15,18,6), 
Queue 2:(40,18,3), 
Queue 3:closed
Queue 4:closed

Time 19
Waiting clients: (0,24,4), (4,24,4), (5,39,6), (6,35,1), (9,35,5), (10,35,6), (11,32,1), (12,30,4), (13,20,1), (14,27,4), (16,36,1), (18,33,1), (19,23,4), (20,28,2), (21,32,3), (22,39,5), (23,38,6), (26,23,1), (27,30,3), (28,34,2), (30,39,5), (31,28,2), (32,37,2), (33,32,4), (34,33,1), (35,30,1), (36,29,6), (37,28,6), (38,21,6), (39,30,4), (42,37,1), (43,25,6), (45,22,4), (46,26,4), (48,30,3), (49,38,4), 
Queue 0:(44,17,4), 
Queue 1:(15,18,5), 
Queue 2:(40,18,2), 
Queue 3:(2,19,1), 
Queue 4:closed

Time 20
Waiting clients: (0,24,4), (4,24,4), (5,39,6), (6,35,1), (9,35,5), (10,35,6), (11,32,1), (12,30,4), (14,27,4), (16,36,1), (18,33,1), (19,23,4), (20,28,2), (21,32,3), (22,39,5), (23,38,6), (26,23,1), (27,30,3), (28,34,2), (30,39,5), (31,28,2), (32,37,2), (33,32,4), (34,33,1), (35,30,1), (36,29,6), (37,28,6), (38,21,6), (39,30,4), (42,37,1), (43,25,6), (45,22,4), (46,26,4), (48,30,3), (49,38,4), 
Queue 0:(44,17,3), 
Queue 1:(15,18,4), 
Queue 2:(40,18,1), 
Queue 3:(13,20,1), 
Queue 4:closed

Time 21
Waiting clients: (0,24,4), (4,24,4), (5,39,6), (6,35,1), (9,35,5), (10,35,6), (11,32,1), (12,30,4), (14,27,4), (16,36,1), (18,33,1), (19,23,4), (20,28,2), (21,32,3), (22,39,5), (23,38,6), (26,23,1), (27,30,3), (28,34,2), (30,39,5), (31,28,2), (32,37,2), (33,32,4), (34,33,1), (35,30,1), (36,29,6), (37,28,6), (39,30,4), (42,37,1), (43,25,6), (45,22,4), (46,26,4), (48,30,3), (49,38,4), 
Queue 0:(44,17,2), 
Queue 1:(15,18,3), 
Queue 2:(38,21,6), 
Queue 3:closed
Queue 4:closed

Time 22
Waiting clients: (0,24,4), (4,24,4), (5,39,6), (6,35,1), (9,35,5), (10,35,6), (11,32,1), (12,30,4), (14,27,4), (16,36,1), (18,33,1), (19,23,4), (20,28,2), (21,32,3), (22,39,5), (23,38,6), (26,23,1), (27,30,3), (28,34,2), (30,39,5), (31,28,2), (32,37,2), (33,32,4), (34,33,1), (35,30,1), (36,29,6), (37,28,6), (39,30,4), (42,37,1), (43,25,6), (46,26,4), (48,30,3), (49,38,4), 
Queue 0:(44,17,1), 
Queue 1:(15,18,2), 
Queue 2:(38,21,5), 
Queue 3:(45,22,4), 
Queue 4:closed

Time 23
Waiting clients: (0,24,4), (4,24,4), (5,39,6), (6,35,1), (9,35,5), (10,35,6), (11,32,1), (12,30,4), (14,27,4), (16,36,1), (18,33,1), (20,28,2), (21,32,3), (22,39,5), (23,38,6), (27,30,3), (28,34,2), (30,39,5), (31,28,2), (32,37,2), (33,32,4), (34,33,1), (35,30,1), (36,29,6), (37,28,6), (39,30,4), (42,37,1), (43,25,6), (46,26,4), (48,30,3), (49,38,4), 
Queue 0:(19,23,4), 
Queue 1:(15,18,1), 
Queue 2:(38,21,4), 
Queue 3:(45,22,3), 
Queue 4:(26,23,1), 

Time 24
Waiting clients: (5,39,6), (6,35,1), (9,35,5), (10,35,6), (11,32,1), (12,30,4), (14,27,4), (16,36,1), (18,33,1), (20,28,2), (21,32,3), (22,39,5), (23,38,6), (27,30,3), (28,34,2), (30,39,5), (31,28,2), (32,37,2), (33,32,4), (34,33,1), (35,30,1), (36,29,6), (37,28,6), (39,30,4), (42,37,1), (43,25,6), (46,26,4), (48,30,3), (49,38,4), 
Queue 0:(19,23,3), 
Queue 1:(0,24,4), 
Queue 2:(38,21,3), 
Queue 3:(45,22,2), 
Queue 4:(4,24,4), 

Time 25
Waiting clients: (5,39,6), (6,35,1), (9,35,5), (10,35,6), (11,32,1), (12,30,4), (14,27,4), (16,36,1), (18,33,1), (20,28,2), (21,32,3), (22,39,5), (23,38,6), (27,30,3), (28,34,2), (30,39,5), (31,28,2), (32,37,2), (33,32,4), (34,33,1), (35,30,1), (36,29,6), (37,28,6), (39,30,4), (42,37,1), (46,26,4), (48,30,3), (49,38,4), 
Queue 0:(19,23,2), 
Queue 1:(0,24,3), 
Queue 2:(38,21,2), 
Queue 3:(45,22,1), (43,25,6), 
Queue 4:(4,24,3), 

Time 26
Waiting clients: (5,39,6), (6,35,1), (9,35,5), (10,35,6), (11,32,1), (12,30,4), (14,27,4), (16,36,1), (18,33,1), (20,28,2), (21,32,3), (22,39,5), (23,38,6), (27,30,3), (28,34,2), (30,39,5), (31,28,2), (32,37,2), (33,32,4), (34,33,1), (35,30,1), (36,29,6), (37,28,6), (39,30,4), (42,37,1), (48,30,3), (49,38,4), 
Queue 0:(19,23,1), (46,26,4), 
Queue 1:(0,24,2), 
Queue 2:(38,21,1), 
Queue 3:(43,25,6), 
Queue 4:(4,24,2), 

Time 27
Waiting clients: (5,39,6), (6,35,1), (9,35,5), (10,35,6), (11,32,1), (12,30,4), (16,36,1), (18,33,1), (20,28,2), (21,32,3), (22,39,5), (23,38,6), (27,30,3), (28,34,2), (30,39,5), (31,28,2), (32,37,2), (33,32,4), (34,33,1), (35,30,1), (36,29,6), (37,28,6), (39,30,4), (42,37,1), (48,30,3), (49,38,4), 
Queue 0:(46,26,4), 
Queue 1:(0,24,1), 
Queue 2:(14,27,4), 
Queue 3:(43,25,5), 
Queue 4:(4,24,1), 

Time 28
Waiting clients: (5,39,6), (6,35,1), (9,35,5), (10,35,6), (11,32,1), (12,30,4), (16,36,1), (18,33,1), (21,32,3), (22,39,5), (23,38,6), (27,30,3), (28,34,2), (30,39,5), (32,37,2), (33,32,4), (34,33,1), (35,30,1), (36,29,6), (39,30,4), (42,37,1), (48,30,3), (49,38,4), 
Queue 0:(46,26,3), 
Queue 1:(20,28,2), (37,28,6), 
Queue 2:(14,27,3), 
Queue 3:(43,25,4), 
Queue 4:(31,28,2), 

Time 29
Waiting clients: (5,39,6), (6,35,1), (9,35,5), (10,35,6), (11,32,1), (12,30,4), (16,36,1), (18,33,1), (21,32,3), (22,39,5), (23,38,6), (27,30,3), (28,34,2), (30,39,5), (32,37,2), (33,32,4), (34,33,1), (35,30,1), (39,30,4), (42,37,1), (48,30,3), (49,38,4), 
Queue 0:(46,26,2), 
Queue 1:(20,28,1), (37,28,6), 
Queue 2:(14,27,2), 
Queue 3:(43,25,3), 
Queue 4:(31,28,1), (36,29,6), 

Time 30
Waiting clients: (5,39,6), (6,35,1), (9,35,5), (10,35,6), (11,32,1), (16,36,1), (18,33,1), (21,32,3), (22,39,5), (23,38,6), (28,34,2), (30,39,5), (32,37,2), (33,32,4), (34,33,1), (42,37,1), (49,38,4), 
Queue 0:(46,26,1), (12,30,4), 
Queue 1:(37,28,6), 
Queue 2:(14,27,1), (27,30,3), (48,30,3), 
Queue 3:(43,25,2), (35,30,1), (39,30,4), 
Queue 4:(36,29,6), 

Time 31
Waiting clients: (5,39,6), (6,35,1), (9,35,5), (10,35,6), (11,32,1), (16,36,1), (18,33,1), (21,32,3), (22,39,5), (23,38,6), (28,34,2), (30,39,5), (32,37,2), (33,32,4), (34,33,1), (42,37,1), (49,38,4), 
Queue 0:(12,30,4), 
Queue 1:(37,28,5), 
Queue 2:(27,30,3), (48,30,3), 
Queue 3:(43,25,1), (35,30,1), (39,30,4), 
Queue 4:(36,29,5), 

Time 32
Waiting clients: (5,39,6), (6,35,1), (9,35,5), (10,35,6), (16,36,1), (18,33,1), (22,39,5), (23,38,6), (28,34,2), (30,39,5), (32,37,2), (34,33,1), (42,37,1), (49,38,4), 
Queue 0:(12,30,3), (11,32,1), (21,32,3), 
Queue 1:(37,28,4), (33,32,4), 
Queue 2:(27,30,2), (48,30,3), 
Queue 3:(35,30,1), (39,30,4), 
Queue 4:(36,29,4), 

Time 33
Waiting clients: (5,39,6), (6,35,1), (9,35,5), (10,35,6), (16,36,1), (22,39,5), (23,38,6), (28,34,2), (30,39,5), (32,37,2), (42,37,1), (49,38,4), 
Queue 0:(12,30,2), (11,32,1), (21,32,3), 
Queue 1:(37,28,3), (33,32,4), 
Queue 2:(27,30,1), (48,30,3), (34,33,1), 
Queue 3:(39,30,4), 
Queue 4:(36,29,3), (18,33,1), 

Time 34
Waiting clients: (5,39,6), (6,35,1), (9,35,5), (10,35,6), (16,36,1), (22,39,5), (23,38,6), (30,39,5), (32,37,2), (42,37,1), (49,38,4), 
Queue 0:(12,30,1), (11,32,1), (21,32,3), 
Queue 1:(37,28,2), (33,32,4), 
Queue 2:(48,30,3), (34,33,1), 
Queue 3:(39,30,3), (28,34,2), 
Queue 4:(36,29,2), (18,33,1), 

Time 35
Waiting clients: (5,39,6), (16,36,1), (22,39,5), (23,38,6), (30,39,5), (32,37,2), (42,37,1), (49,38,4), 
Queue 0:(11,32,1), (21,32,3), 
Queue 1:(37,28,1), (33,32,4), 
Queue 2:(48,30,2), (34,33,1), (9,35,5), 
Queue 3:(39,30,2), (28,34,2), 
Queue 4:(36,29,1), (18,33,1), (6,35,1), (10,35,6), 

Time 36
Waiting clients: (5,39,6), (22,39,5), (23,38,6), (30,39,5), (32,37,2), (42,37,1), (49,38,4), 
Queue 0:(21,32,3), (16,36,1), 
Queue 1:(33,32,4), 
Queue 2:(48,30,1), (34,33,1), (9,35,5), 
Queue 3:(39,30,1), (28,34,2), 
Queue 4:(18,33,1), (6,35,1), (10,35,6), 

Time 37
Waiting clients: (5,39,6), (22,39,5), (23,38,6), (30,39,5), (49,38,4), 
Queue 0:(21,32,2), (16,36,1), (42,37,1), 
Queue 1:(33,32,3), 
Queue 2:(34,33,1), (9,35,5), 
Queue 3:(28,34,2), (32,37,2), 
Queue 4:(6,35,1), (10,35,6), 

Time 38
Waiting clients: (5,39,6), (22,39,5), (30,39,5), 
Queue 0:(21,32,1), (16,36,1), (42,37,1), (49,38,4), 
Queue 1:(33,32,2), (23,38,6), 
Queue 2:(9,35,5), 
Queue 3:(28,34,1), (32,37,2), 
Queue 4:(10,35,6), 

Time 39
Waiting clients: closed
Queue 0:(16,36,1), (42,37,1), (49,38,4), 
Queue 1:(33,32,1), (23,38,6), 
Queue 2:(9,35,4), (22,39,5), 
Queue 3:(32,37,2), (5,39,6), 
Queue 4:(10,35,5), (30,39,5), 

Time 40
Waiting clients: closed
Queue 0:(42,37,1), (49,38,4), 
Queue 1:(23,38,6), 
Queue 2:(9,35,3), (22,39,5), 
Queue 3:(32,37,1), (5,39,6), 
Queue 4:(10,35,4), (30,39,5), 

Time 41
Waiting clients: closed
Queue 0:(49,38,4), 
Queue 1:(23,38,5), 
Queue 2:(9,35,2), (22,39,5), 
Queue 3:(5,39,6), 
Queue 4:(10,35,3), (30,39,5), 

Time 42
Waiting clients: closed
Queue 0:(49,38,3), 
Queue 1:(23,38,4), 
Queue 2:(9,35,1), (22,39,5), 
Queue 3:(5,39,5), 
Queue 4:(10,35,2), (30,39,5), 

Time 43
Waiting clients: closed
Queue 0:(49,38,2), 
Queue 1:(23,38,3), 
Queue 2:(22,39,5), 
Queue 3:(5,39,4), 
Queue 4:(10,35,1), (30,39,5), 

Time 44
Waiting clients: closed
Queue 0:(49,38,1), 
Queue 1:(23,38,2), 
Queue 2:(22,39,4), 
Queue 3:(5,39,3), 
Queue 4:(30,39,5), 

Time 45
Waiting clients: closed
Queue 0:closed
Queue 1:(23,38,1), 
Queue 2:(22,39,3), 
Queue 3:(5,39,2), 
Queue 4:(30,39,4), 

Time 46
Waiting clients: closed
Queue 0:closed
Queue 1:closed
Queue 2:(22,39,2), 
Queue 3:(5,39,1), 
Queue 4:(30,39,3), 

Time 47
Waiting clients: closed
Queue 0:closed
Queue 1:closed
Queue 2:(22,39,1), 
Queue 3:closed
Queue 4:(30,39,2), 

Time 48
Waiting clients: closed
Queue 0:closed
Queue 1:closed
Queue 2:closed
Queue 3:closed
Queue 4:(30,39,1), 

Time 49
Waiting clients: closed
Queue 0:closed
Queue 1:closed
Queue 2:closed
Queue 3:closed
Queue 4:closed

Time 50
Waiting clients: closed
Queue 0:closed
Queue 1:closed
Queue 2:closed
Queue 3:closed
Queue 4:closed

Time 51
Waiting clients: closed
Queue 0:closed
Queue 1:closed
Queue 2:closed
Queue 3:closed
Queue 4:closed

Time 52
Waiting clients: closed
Queue 0:closed
Queue 1:closed
Queue 2:closed
Queue 3:closed
Queue 4:closed

Time 53
Waiting clients: closed
Queue 0:closed
Queue 1:closed
Queue 2:closed
Queue 3:closed
Queue 4:closed

Time 54
Waiting clients: closed
Queue 0:closed
Queue 1:closed
Queue 2:closed
Queue 3:closed
Queue 4:closed

Time 55
Waiting clients: closed
Queue 0:closed
Queue 1:closed
Queue 2:closed
Queue 3:closed
Queue 4:closed

Time 56
Waiting clients: closed
Queue 0:closed
Queue 1:closed
Queue 2:closed
Queue 3:closed
Queue 4:closed

Time 57
Waiting clients: closed
Queue 0:closed
Queue 1:closed
Queue 2:closed
Queue 3:closed
Queue 4:closed

Time 58
Waiting clients: closed
Queue 0:closed
Queue 1:closed
Queue 2:closed
Queue 3:closed
Queue 4:closed

Time 59
Waiting clients: closed
Queue 0:closed
Queue 1:closed
Queue 2:closed
Queue 3:closed
Queue 4:closed

Time 60
Waiting clients: closed
Queue 0:closed
Queue 1:closed
Queue 2:closed
Queue 3:closed
Queue 4:closed

Average waiting time is: 4.9
Average service time is: 3.5
Peak hour is: [35] and the number of clients is 13
